TILEMAP
32 24 							-- Size of tile map in tiles
32 32 							-- Tile size & block size
images/tileset3.png 	-- Tilesheet
1 66 								-- Number of tiles in tilesheet
1 2 1 3 4 5 6 6 1 2 1 3 1 2 1 3 4 5 6 6 4 6 7 8 8 9 8 9 9 9 10 1
6 1 1 11 2 2 5 12 6 1 1 11 6 1 1 11 2 2 5 12 13 11 14 14 9 14 14 9 9 14 15 13
6 5 3 6 4 2 1 16 6 5 3 6 6 5 3 6 4 2 1 16 1 17 8 9 14 9 8 14 9 9 18 1
1 3 19 1 5 2 6 4 1 3 19 1 1 3 19 1 5 2 6 4 13 17 14 14 14 14 9 14 14 9 18 13
1 2 1 3 4 6 7 8 18 5 1 3 20 21 1 6 4 11 18 11 8 9 8 9 8 9 8 9 9 14 18 4
6 1 1 11 13 11 14 14 9 18 13 1 10 21 6 21 1 7 8 8 9 14 14 9 9 14 14 9 14 9 10 6
6 5 3 6 1 17 8 9 9 14 8 8 8 7 11 5 11 9 9 14 14 9 8 14 14 9 8 14 9 9 22 1
1 3 19 1 13 17 14 14 9 9 9 9 9 9 18 17 17 9 14 9 14 14 9 14 14 14 9 14 14 22 6 6
4 5 6 6 11 7 8 9 9 9 9 9 8 9 8 9 8 9 8 9 23 24 25 26 27 28 29 30 9 9 18 6
2 2 5 12 3 31 8 9 8 9 8 9 9 14 14 9 9 14 14 9 23 32 33 34 35 36 37 38 14 9 18 3
4 2 1 16 6 1 39 40 9 8 9 9 14 9 8 14 14 9 8 14 24 25 26 41 28 29 42 43 9 39 11 44
5 2 6 4 1 13 3 1 14 9 8 8 14 14 9 14 14 14 9 14 32 33 34 35 36 37 38 23 9 18 2 5
1 2 1 3 4 6 7 8 45 23 46 47 48 49 50 23 9 9 9 9 51 52 53 53 53 52 54 8 8 22 3 11
6 1 1 11 13 11 14 14 24 25 55 56 57 58 59 45 8 9 8 9 9 9 14 8 8 9 9 9 9 8 11 1
6 5 3 6 1 17 8 9 32 33 60 61 36 37 38 23 9 8 9 9 9 9 22 14 9 9 8 8 9 14 18 11
1 3 19 1 13 17 14 14 62 63 53 53 53 63 43 45 14 9 8 8 8 9 8 8 8 14 9 8 9 9 14 18
1 2 1 3 11 7 8 9 9 9 9 9 8 9 8 9 9 9 9 14 9 9 9 9 9 9 9 9 9 14 9 39
6 1 1 11 3 31 8 9 8 9 8 9 9 14 14 9 9 22 22 9 8 9 8 9 8 9 8 9 14 9 10 3
6 5 3 6 6 1 39 40 9 8 9 9 14 9 8 14 15 1 1 64 9 8 9 9 9 8 9 9 40 15 4 11
1 3 19 1 1 13 3 1 14 9 8 8 14 14 9 14 1 13 13 3 14 9 8 8 14 9 8 8 1 6 2 4
1 2 1 3 4 6 7 8 8 9 8 9 9 9 10 1 3 6 5 19 11 7 8 9 9 14 9 9 1 2 1 3
6 1 1 11 13 11 14 14 9 14 14 9 9 14 15 13 65 5 19 5 3 31 8 9 14 9 22 8 6 1 1 11
6 5 3 6 1 17 8 9 14 9 8 14 9 9 18 1 66 5 5 19 6 1 39 40 9 14 9 18 6 5 3 6
1 3 19 1 13 17 14 14 14 14 9 14 14 9 18 13 1 19 19 13 1 13 3 1 14 9 22 1 1 3 19 1
