TILEMAP
32 24 							-- Size of tile map in tiles
32 32 							-- Tile size & block size
images/tileset11.png 	-- Tilesheet
1 48 								-- Number of tiles in tilesheet
1 2 3 3 3 3 3 4 3 3 3 3 5 5 5 5 3 3 3 4 3 3 3 3 3 3 3 4 3 3 3 3
1 9 10 11 10 11 10 11 10 11 10 11 5 5 5 5 10 11 10 11 10 11 10 11 10 11 10 11 10 11 10 11
1 12 3 3 3 4 3 3 13 3 4 3 5 5 5 5 3 4 3 3 13 3 4 3 3 4 3 3 13 3 4 3
1 14 10 11 10 11 11 10 11 10 11 10 5 5 5 5 10 11 11 10 11 10 11 10 10 11 11 10 11 10 11 10
1 19 20 20 20 20 20 20 20 20 20 20 20 20 20 20 20 20 20 20 20 20 20 20 20 20 20 20 20 20 20 20
1 19 20 21 21 21 21 21 21 21 21 21 21 21 21 21 21 21 21 21 21 21 21 21 21 21 21 21 21 21 21 21
1 19 20 21 21 21 21 21 21 21 21 21 21 21 21 21 21 21 21 21 21 21 21 21 21 21 21 21 21 21 21 21 
1 19 20 21 21 21 21 21 21 21 21 21 21 21 21 21 21 21 21 21 21 21 21 21 21 21 21 21 21 21 21 21 
1 19 20 21 22 23 24 25 26 21 21 21 22 23 24 25 26 21 21 21 22 23 24 25 22 23 24 25 26 21 21 21 
1 19 20 21 27 28 29 30 20 21 21 21 27 28 29 30 20 21 21 21 27 28 29 30 27 28 29 30 20 21 21 21 
1 19 20 21 31 32 32 33 20 21 21 21 31 32 32 33 20 21 21 21 31 32 32 33 31 32 32 33 20 21 21 21 
1 19 20 21 34 35 35 36 20 21 21 21 34 35 35 36 20 21 21 21 34 35 35 36 34 35 35 36 20 21 21 21 
1 19 20 21 22 23 24 25 20 21 21 21 22 23 24 25 20 21 21 21 22 23 24 25 22 23 24 25 20 21 21 21 
1 19 20 21 27 28 29 30 20 21 21 21 27 28 29 30 20 21 21 21 27 28 29 30 27 28 29 30 20 21 21 21 
1 19 20 21 31 32 32 33 20 21 21 21 31 32 32 33 20 21 21 21 31 32 32 33 31 32 32 33 20 21 21 21 
1 19 20 21 34 35 35 36 20 21 21 21 34 35 35 36 20 21 21 21 34 35 35 36 34 35 35 36 20 21 21 21 
1 19 20 21 37 20 20 20 20 21 21 21 37 20 20 20 20 21 21 21 37 20 20 20 20 20 20 20 20 21 21 21 
1 19 20 21 21 21 21 21 21 21 21 21 21 21 21 21 21 21 21 21 21 21 21 21 21 21 21 21 21 21 21 21 
1 19 20 21 21 21 21 21 21 21 21 21 21 21 21 21 21 21 21 21 21 21 21 21 21 21 21 21 21 21 21 21 
1 19 20 21 21 21 21 21 21 21 21 21 21 21 21 21 21 21 21 21 21 21 21 21 21 21 21 21 21 21 21 21 
1 19 20 21 21 21 21 21 21 21 38 39 40 40 40 40 1 41 21 21 21 21 21 21 21 21 21 21 21 21 21 21 
1 19 20 21 21 21 21 21 21 21 42 39 3 3 3 3 1 43 21 21 21 21 21 21 21 21 21 21 21 21 21 21 
1 19 20 21 21 21 21 21 21 21 44 39 3 3 4 3 1 45 21 21 21 21 21 21 21 21 38 46 40 40 40 40 
1 19 20 21 21 21 21 21 21 21 47 39 40 40 40 40 1 48 21 21 21 21 21 21 21 21 42 39 3 3 3 3
