TILEMAP
32 24 							-- Size of tile map in tiles
32 32 							-- Tile size & block size
images/tileset9.png 	-- Tilesheet
1 45 								-- Number of tiles in tilesheet
1 2 3 4 5 6 7 8 9 10 3 4 5 6 7 8 9 10 3 4 5 6 7 8 9 10 3 4 4 4 4 4
1 2 3 4 11 12 13 14 15 16 3 4 11 12 13 14 15 16 3 4 11 12 13 14 15 16 3 4 4 4 4 4
1 2 3 4 17 18 19 20 21 22 3 4 17 18 19 20 21 22 3 4 17 18 19 20 21 22 3 4 4 4 4 4
1 2 3 4 23 24 25 26 27 28 3 4 23 24 25 26 27 28 3 4 23 24 25 26 27 28 3 4 4 4 4 4
1 2 3 4 29 3 3 3 3 3 3 4 29 3 3 3 3 3 3 4 29 3 3 3 3 3 3 4 4 4 4 4
1 2 3 4 4 4 4 4 4 4 4 4 4 4 4 4 4 4 4 4 4 4 4 4 4 4 4 4 4 4 4 4
1 2 3 4 4 4 4 4 4 4 4 4 4 4 4 4 4 4 4 4 4 4 4 4 4 4 4 4 4 4 4 4
1 2 3 4 4 4 4 4 4 4 4 4 4 4 4 4 4 4 4 4 4 4 4 4 4 4 4 4 4 4 4 4
1 2 3 4 4 4 4 4 4 4 4 4 4 4 4 4 4 4 4 4 4 4 4 4 4 4 4 4 4 4 4 4
1 2 3 4 4 4 4 4 4 4 4 4 4 4 4 4 4 4 4 4 4 4 4 4 4 4 4 4 4 4 4 4
1 2 3 4 30 31 32 33 34 35 36 4 30 31 32 33 34 35 36 4 4 4 4 4 30 31 32 33 34 35 36 4
1 2 3 4 37 38 39 40 41 42 3 4 37 38 39 40 41 42 3 4 4 4 4 4 37 38 39 40 41 42 3 4
1 2 3 4 5 6 7 8 9 10 3 4 5 6 7 8 9 10 3 4 4 4 4 4 5 6 7 8 9 10 3 4
1 2 3 4 11 12 13 14 15 16 3 4 11 12 13 14 15 16 3 4 4 4 4 4 11 12 13 14 15 16 3 4
1 2 3 4 17 18 19 20 21 22 3 4 17 18 19 20 21 22 3 4 4 4 4 4 17 18 19 20 21 22 3 4
1 2 3 4 23 24 25 26 27 28 3 4 23 24 25 26 27 28 3 4 4 4 4 4 23 24 25 26 27 28 3 4
1 2 3 4 29 3 3 3 3 3 3 4 29 3 3 3 3 3 3 4 4 4 4 4 29 3 3 3 3 3 3 4
1 2 3 4 4 4 4 4 4 4 4 4 4 4 4 4 4 4 4 4 4 4 4 4 4 4 4 4 4 4 4 4
1 2 3 4 4 4 4 4 4 4 4 4 4 4 4 4 4 4 4 4 4 4 4 4 4 4 4 4 4 4 4 4
1 2 3 4 4 4 4 4 4 4 4 4 4 4 4 4 4 4 4 4 4 4 4 4 4 4 4 4 4 4 4 4
1 2 3 4 4 4 4 4 4 4 4 4 4 4 4 4 4 4 4 4 4 4 4 4 4 4 4 4 4 4 4 4
43 44 44 44 44 44 44 44 44 44 44 44 44 44 44 44 44 44 44 44 44 44 44 44 44 44 44 44 44 44 44 44
45 45 45 45 45 45 45 45 45 45 45 45 45 45 45 45 45 45 45 45 45 45 45 45 45 45 45 45 45 45 45 45

