TILEMAP
32 24 							-- Size of tile map in tiles
32 32 							-- Tile size & block size
images/tileset1.png 	-- Tilesheet
1 54 								-- Number of tiles in tilesheet
 1 1 2 1 1 1 1 1 2 1 1 3 1 1 1 1 1 1 1 1 3 1 1 1 1 1 1 1 2 1 1 3
 4 1 1 3 1 1 1 1 1 5 1 1 1 1 1 1 1 1 1 1 1 1 3 1 1 1 1 1 1 5 1 1
 6 7 1 1 1 1 1 1 1 1 1 1 1 1 1 1 1 1 1 1 5 1 1 1 1 1 1 1 1 1 1 1
 8 9 7 7 1 1 1 1 1 2 1 3 1 1 1 1 1 1 1 1 1 1 1 1 1 1 1 1 1 2 1 3
 10 6 11 11 1 1 1 1 1 1 1 1 1 1 1 1 2 1 1 3 1 1 1 1 1 1 1 1 1 1 1 1
 12 12 6 13 1 1 1 1 1 14 15 1 1 1 1 1 1 5 1 1 1 1 1 2 1 1 1 1 1 1 1 1
 10 12 16 15 11 1 14 11 11 8 12 15 11 1 14 11 1 1 1 1 1 17 18 19 20 1 1 1 1 1 1 1
 6 12 11 10 15 9 11 9 6 7 10 6 15 9 11 9 1 2 1 3 21 22 23 24 7 25 1 1 1 1 1 1
 26 8 26 8 9 11 6 8 16 12 16 9 9 11 6 8 10 14 1 1 27 28 29 30 1 1 2 1 1 1 1 1
 11 31 32 32 33 6 8 6 11 16 16 26 33 6 8 6 33 10 1 1 34 35 36 7 4 1 1 3 1 1 1 2
 37 33 38 39 40 6 6 8 11 6 9 11 40 6 6 8 40 10 13 8 41 10 11 10 6 7 1 1 1 17 18 19
 42 40 43 41 16 8 8 7 16 9 8 16 16 8 8 7 16 10 10 6 11 6 12 6 8 9 7 7 21 22 23 24
 16 12 16 9 9 11 6 8 10 6 11 11 16 12 16 9 26 11 16 11 12 10 26 16 12 10 26 16 9 6 9 11
 11 16 16 26 33 6 8 6 12 12 6 13 11 16 16 26 9 44 45 46 10 16 8 12 10 16 8 12 12 16 10 26
 11 6 9 11 40 6 6 8 10 12 16 15 11 6 9 11 47 44 47 48 16 26 46 26 16 26 46 26 45 49 45 45
 16 9 8 16 16 8 8 7 6 12 11 10 16 9 8 16 45 45 45 45 45 45 50 45 45 45 50 45 45 50 45 50
 16 12 16 9 16 12 16 9 10 11 16 48 44 45 45 45 45 50 45 50 50 50 50 50 45 50 45 50 45 50 45 50
 11 16 16 26 11 16 16 26 16 9 16 11 45 50 51 51 50 51 51 50 45 50 45 50 50 51 51 50 50 51 51 50
 11 6 9 11 11 6 9 11 7 11 44 45 50 51 51 51 51 50 45 51 50 45 50 50 51 50 45 51 51 50 45 51
 16 9 8 16 16 9 8 16 12 45 51 50 50 51 50 45 51 51 50 51 51 50 45 45 51 51 50 51 51 51 50 51
 9 11 6 8 16 12 16 9 26 49 45 50 50 50 50 51 50 51 51 50 50 51 51 50 50 50 50 51 50 51 51 50
 33 6 8 6 11 16 16 26 9 44 45 50 50 52 52 50 51 50 51 50 51 50 51 50 50 52 52 50 51 50 51 50
 40 6 6 8 11 6 9 11 11 16 48 47 53 16 16 54 48 47 48 47 48 47 48 47 53 16 16 54 48 47 48 47
 16 8 8 7 16 9 8 16 16 7 9 16 16 7 7 9 23 26 11 9 23 26 11 9 16 7 7 9 23 26 11 9
