TILEMAP
32 24 							-- Size of tile map in tiles
32 32 							-- Tile size & block size
images/tilesetboss.png 	-- Tilesheet
1 42								-- Number of tiles in tilesheet
1 2 3 3 3 3 3 4 3 3 3 3 3 3 3 4 3 3 3 3 3 3 3 4 3 3 3 3 3 3 5 6
1 7 8 9 8 9 8 9 8 9 8 9 8 9 8 9 8 9 8 9 8 9 8 9 8 9 8 9 8 9 10 6
1 11 3 3 3 4 3 3 12 3 4 3 3 4 3 3 12 3 4 3 3 4 3 3 12 3 4 3 3 3 13 6
1 14 8 9 8 9 9 8 9 8 9 8 8 9 9 8 9 8 9 8 8 9 9 8 9 8 9 8 9 8 15 6
1 16 17 17 17 17 17 17 17 17 17 17 17 17 17 17 17 17 17 17 17 17 17 17 17 17 17 17 17 17 18 6
1 16 17 19 19 19 19 19 19 19 19 19 19 19 19 19 19 19 19 19 19 19 19 19 19 19 19 19 19 19 20 6 
1 16 17 19 19 19 19 19 19 19 19 19 19 19 19 19 19 19 19 19 19 19 19 19 19 19 19 19 19 19 18 6 
1 16 17 19 19 19 19 19 19 19 19 19 19 19 19 19 19 19 19 19 19 19 19 19 19 19 19 19 19 19 20 6 
1 16 17 19 19 19 19 19 19 19 19 19 19 19 19 19 19 19 19 19 21 22 23 24 19 19 19 19 19 19 18 6 
1 16 17 19 19 19 19 19 19 19 19 19 19 19 19 19 19 19 19 19 25 26 27 28 19 19 19 19 19 19 20 6 
1 16 17 19 19 19 19 19 19 19 19 19 19 19 19 19 19 19 19 19 29 30 30 31 32 19 19 19 19 19 18 6 
1 16 17 19 19 19 19 19 19 19 19 19 19 19 19 19 19 19 19 19 33 34 34 35 17 19 19 19 19 19 20 6 
1 16 17 19 19 19 19 19 19 19 19 19 19 19 19 19 19 19 19 19 21 22 23 24 17 19 19 19 19 19 18 6 
1 16 17 19 19 19 19 19 19 19 19 19 19 19 19 19 19 19 19 19 25 26 27 28 17 19 19 19 19 19 20 6 
1 16 17 19 19 19 19 19 19 19 19 19 19 19 19 19 19 19 19 19 29 30 30 31 17 19 19 19 19 19 18 6 
1 16 17 19 19 19 19 19 19 19 19 19 19 19 19 19 19 19 19 19 33 34 34 35 17 19 19 19 19 19 20 6 
1 16 17 19 19 19 19 19 19 19 19 19 19 19 19 19 19 19 19 19 21 22 23 24 21 22 23 24 21 24 18 6 
1 16 17 19 19 19 19 19 19 19 19 19 19 19 19 19 19 19 19 19 25 26 27 28 25 26 27 28 25 28 20 6 
1 16 17 19 19 19 19 19 19 19 19 19 19 19 19 19 19 19 19 19 29 30 30 31 29 30 30 31 29 31 18 6 
1 16 17 19 19 19 19 19 19 19 19 19 19 19 19 19 19 19 19 19 33 34 34 35 33 34 34 35 33 35 20 6 
1 16 17 19 19 19 19 19 19 19 19 19 19 19 19 19 19 19 19 19 36 17 17 17 17 17 17 17 17 17 18 6 
1 16 17 19 19 19 19 19 19 19 19 19 19 19 19 19 19 19 19 19 19 19 19 19 19 19 19 19 19 19 20 6 
37 38 38 38 38 38 38 38 38 38 38 38 38 38 38 38 39 40 40 41 38 38 38 38 38 38 38 38 38 38 38 42 
3 3 3 3 3 3 3 3 3 3 3 3 3 3 3 3 3 3 3 3 3 3 3 3 3 3 3 3 3 3 3 3 3
