TILEMAP
32 24 							-- Size of tile map in tiles
32 32 							-- Tile size & block size
images/tileset8.png 	-- Tilesheet
1 59 								-- Number of tiles in tilesheet
1 2 3 3 3 4 5 6 6 6 7 3 3 3 3 8 3 3 3 3 3 4 5 6 6 6 7 3 3 3 3 8
1 9 10 11 11 12 5 6 6 6 13 10 10 11 10 11 10 11 10 11 11 12 5 6 6 6 13 10 10 11 10 11
1 14 3 3 3 15 5 6 6 6 16 3 3 8 3 3 17 3 8 3 3 15 5 6 6 6 16 3 3 8 3 3
1 18 10 11 10 19 5 6 6 6 20 11 10 11 11 10 11 10 11 10 10 19 5 6 6 6 20 11 10 11 11 10
1 21 5 5 5 5 5 6 6 6 22 5 5 5 5 5 5 5 5 5 5 5 5 6 6 6 22 5 5 5 5 5
1 21 5 6 6 6 6 6 6 6 6 6 6 6 6 6 6 6 6 6 6 6 6 6 6 6 6 6 6 6 6 6
1 21 5 6 6 6 6 6 6 6 6 6 6 6 6 6 6 6 6 6 6 6 6 6 6 6 6 6 6 6 6 6
1 21 5 6 6 6 6 6 6 6 6 6 6 6 6 6 6 6 6 6 6 6 6 6 6 6 6 6 6 6 6 6
1 21 5 6 6 6 6 6 6 6 6 6 6 6 6 6 6 6 6 6 6 6 6 6 6 6 6 6 6 6 6 6
1 21 5 6 6 6 6 6 6 6 6 6 6 6 6 6 6 6 6 6 6 6 6 6 6 6 6 6 6 6 6 6
1 21 5 6 23 24 25 26 27 28 29 6 23 24 25 26 27 28 29 6 23 24 25 26 27 28 29 6 23 24 25 26
1 21 5 6 30 31 32 33 34 35 5 6 30 31 32 33 34 35 5 6 30 31 32 33 34 35 5 6 30 31 32 33
1 21 5 6 36 37 38 39 40 41 5 6 36 37 38 39 40 41 5 6 36 37 38 39 40 41 5 6 36 37 38 39
1 21 5 6 42 43 44 45 46 47 5 6 42 43 44 45 46 47 5 6 42 43 44 45 46 47 5 6 42 43 44 45
1 21 5 6 48 49 50 51 52 53 5 6 48 49 50 51 52 53 5 6 48 49 50 51 52 53 5 6 48 49 50 51
1 21 5 6 54 55 56 57 58 59 5 6 54 55 56 57 58 59 5 6 54 55 56 57 58 59 5 6 54 55 56 57
1 21 5 6 22 5 5 5 5 5 5 6 22 5 5 5 5 5 5 6 22 5 5 5 5 5 5 6 22 5 5 5
1 21 5 6 6 6 6 6 6 6 6 6 6 6 6 6 6 6 6 6 6 6 6 6 6 6 6 6 6 6 6 6
1 21 5 6 6 6 6 6 6 6 6 6 6 6 6 6 6 6 6 6 6 6 6 6 6 6 6 6 6 6 6 6
1 21 5 6 6 6 6 6 6 6 6 6 6 6 6 6 6 6 6 6 6 6 6 6 6 6 6 6 6 6 6 6
1 21 5 6 6 6 6 6 6 6 6 6 6 6 6 6 6 6 6 6 6 6 6 6 6 6 6 6 6 6 6 6
1 21 5 6 6 6 6 6 6 6 6 6 6 6 6 6 6 6 6 6 6 6 6 6 6 6 6 6 6 6 6 6
1 21 5 6 23 24 25 26 27 28 29 6 23 24 25 26 27 28 29 6 23 24 25 26 27 28 29 6 6 6 6 6
1 21 5 6 30 31 32 33 34 35 5 6 30 31 32 33 34 35 5 6 30 31 32 33 34 35 5 6 6 6 6 6

