TILEMAP
32 24 							-- Size of tile map in tiles
32 32 							-- Tile size & block size
images/tileset7.png 	-- Tilesheet
1 34 								-- Number of tiles in tilesheet
1 1 1 1 1 1 1 1 1 1 1 1 1 1 1 1 1 1 1 1 1 1 1 1 1 1 1 1 1 1 2 3
1 1 1 1 1 1 1 1 1 1 1 1 1 1 1 1 1 1 1 1 1 1 1 1 1 1 1 1 1 1 4 3
1 1 1 1 1 1 1 1 1 1 1 1 1 1 1 1 1 1 1 1 1 1 1 1 1 1 1 1 1 1 2 3
1 1 1 1 1 1 1 1 1 1 1 1 1 1 1 1 1 1 1 1 1 1 1 1 1 1 1 1 1 1 4 3
1 1 1 1 1 1 1 1 1 1 1 1 1 1 1 1 1 1 1 1 1 1 1 1 1 1 1 1 1 1 2 3
5 6 7 8 5 6 7 8 5 6 7 8 5 6 7 8 5 6 7 8 5 6 7 8 5 6 7 8 1 1 4 3
9 10 11 12 9 10 11 12 9 10 11 12 9 10 11 12 9 10 11 12 9 10 11 12 9 10 11 12 1 1 2 3
13 14 15 16 13 14 15 16 13 14 15 16 13 14 15 16 13 14 15 16 13 14 15 16 13 14 15 16 17 1 4 3
18 19 20 21 18 19 20 21 18 19 20 21 18 19 20 21 18 19 20 21 18 19 20 21 18 19 20 21 22 1 2 3
23 24 25 26 23 24 25 26 23 24 25 26 23 24 25 26 23 24 25 26 23 24 25 26 23 24 25 26 22 1 4 3
27 28 29 30 27 28 29 30 27 28 29 30 27 28 29 30 27 28 29 30 27 28 29 30 27 28 29 30 22 1 2 3
22 22 22 22 22 22 22 22 22 22 22 22 22 22 22 22 22 22 22 22 22 22 22 22 22 22 22 22 22 1 4 3
1 1 1 1 1 1 1 1 1 1 1 1 1 1 1 1 1 1 1 1 1 1 1 1 1 1 1 1 1 1 2 3
5 6 7 8 5 6 7 8 5 6 7 8 5 6 7 8 1 1 1 1 5 6 7 8 5 6 7 8 1 1 4 3
9 10 11 12 9 10 11 12 9 10 11 12 9 10 11 12 1 1 1 1 9 10 11 12 9 10 11 12 1 1 2 3
13 14 15 16 13 14 15 16 13 14 15 16 13 14 15 16 17 1 1 1 13 14 15 16 13 14 15 16 17 1 4 3
18 19 20 21 18 19 20 21 18 19 20 21 18 19 20 21 22 1 1 1 18 19 20 21 18 19 20 21 22 1 2 3
23 24 25 26 23 24 25 26 23 24 25 26 23 24 25 26 22 1 1 1 23 24 25 26 23 24 25 26 22 1 4 3
27 28 29 30 27 28 29 30 27 28 29 30 27 28 29 30 22 1 1 1 27 28 29 30 27 28 29 30 22 1 2 3
22 22 22 22 22 22 22 22 22 22 22 22 22 22 22 22 22 1 1 1 31 22 22 22 22 22 22 22 22 1 4 3
1 1 1 1 1 1 1 1 1 1 1 1 1 1 1 1 1 1 1 1 1 1 1 1 1 1 1 1 1 1 2 3
32 32 32 32 32 32 32 32 32 32 32 32 32 32 32 32 32 32 32 32 32 32 32 32 32 32 32 32 32 32 32 33
34 34 34 34 34 34 34 34 34 34 34 34 34 34 34 34 34 34 34 34 34 34 34 34 34 34 34 34 34 34 34 34

