TILEMAP
32 24 							-- Size of tile map in tiles
32 32 							-- Tile size & block size
images/tileset4.png 	-- Tilesheet
1 63 								-- Number of tiles in tilesheet
1 2 3 3 1 3 4 5 6 6 6 6 6 7 8 1 1 2 3 3 1 9 6 7 5 6 5 10 11 14 11 11
12 12 2 13 14 15 7 7 5 6 5 6 7 6 10 3 12 12 2 13 11 15 5 6 6 7 7 16 10 11 14
1 12 11 17 11 9 5 6 6 5 6 6 6 6 18 11 1 12 11 17 19 14 7 5 7 6 5 7 4 11 14 11
2 12 3 1 14 9 7 7 7 6 5 5 7 18 3 3 2 12 3 1 11 20 21 7 7 7 6 7 7 14 10 14
15 20 15 20 15 4 5 6 6 7 6 6 7 7 2 20 11 12 11 23 1 3 4 5 6 6 6 6 6 11 14 1
3 24 25 25 23 21 5 6 7 6 10 23 26 2 20 2 3 11 11 15 14 15 7 7 5 6 5 6 7 10 11 3
27 26 28 29 3 11 22 30 30 16 1 15 31 2 2 20 3 2 23 3 11 9 5 6 6 5 6 6 5 11 3 2
32 31 33 34 11 14 23 11 11 3 12 1 11 20 20 14 11 23 20 11 14 9 7 7 7 6 5 5 7 2 3 3
1 3 11 22 23 2 23 3 23 2 23 3 23 2 23 3 23 2 23 3 21 5 5 5 6 7 6 16 11 12 11 23
11 23 11 3 12 11 1 15 12 11 1 15 12 11 1 15 12 11 1 15 5 6 7 7 7 5 18 8 3 11 11 15
14 3 21 5 5 4 5 5 5 4 5 5 5 4 5 5 5 4 5 5 6 7 7 7 6 7 6 8 3 2 23 3
12 5 7 6 5 6 5 6 5 6 5 6 5 6 5 6 5 6 5 6 6 7 6 5 7 6 18 11 11 23 20 11
15 4 5 6 35 36 37 38 39 39 39 39 39 40 6 5 6 6 6 6 6 6 6 6 6 6 8 3 11 12 11 23
23 21 5 6 41 42 43 44 45 45 45 45 45 45 6 6 5 6 5 6 5 6 5 6 7 6 8 23 3 11 11 15
3 11 22 30 46 47 48 49 50 50 50 50 50 50 5 6 6 5 6 6 6 5 6 6 6 22 15 51 3 2 23 3
11 14 23 11 52 53 54 55 56 57 58 59 60 61 6 5 7 6 5 5 7 6 5 5 6 8 12 2 11 23 20 11
23 3 2 20 62 30 62 30 62 30 62 30 62 30 62 30 1 9 6 7 6 6 6 6 5 18 23 15 11 12 11 23
26 2 20 2 11 15 15 19 11 15 15 19 11 15 15 19 11 15 5 6 5 6 5 6 6 5 15 11 3 11 11 15
31 2 2 20 14 11 14 11 14 11 14 11 14 11 14 11 19 14 7 5 6 5 6 6 6 7 8 15 3 2 23 3
11 20 20 14 14 15 19 63 14 15 19 63 14 15 19 63 11 20 21 7 7 6 5 5 6 6 7 8 11 23 20 11
1 2 3 3 11 12 11 23 1 2 3 3 1 2 3 3 1 3 4 5 6 6 6 6 6 6 6 16 11 12 11 23
12 12 2 13 3 11 11 15 12 12 2 13 12 12 2 13 14 15 7 7 5 6 5 6 5 6 18 11 3 11 11 15
1 12 11 17 3 2 23 3 1 12 11 17 1 12 11 17 11 9 5 6 6 5 6 6 6 6 8 3 3 2 23 3
2 12 3 1 11 23 20 11 2 12 3 1 2 12 3 1 14 9 7 7 7 6 5 5 6 6 10 11 11 23 20 11