TILEMAP
32 24 							-- Size of tile map in tiles
32 32 							-- Tile size & block size
images/tileset10.png 	-- Tilesheet
1 21 								-- Number of tiles in tilesheet
1 2 3 4 4 4 4 4 4 4 5 6 7 8 7 7 1 2 3 4 4 4 4 4 4 4 5 6 9 10 10 10
1 2 3 4 4 4 4 4 4 4 11 6 7 7 7 7 1 2 3 4 4 4 4 4 4 4 11 6 6 7 12 7
1 2 3 4 4 4 4 4 4 4 5 6 7 7 12 7 1 2 3 4 4 4 4 4 4 4 5 6 6 7 7 7
1 2 3 4 4 4 4 4 4 4 11 6 10 10 10 10 1 2 3 4 4 4 4 4 4 4 11 6 6 7 7 7
1 2 3 4 4 4 4 4 4 4 5 6 7 12 7 7 1 2 3 4 4 4 4 4 4 4 5 6 6 7 7 7
1 2 3 4 4 4 4 4 4 4 11 6 7 7 7 7 1 2 3 4 4 4 4 4 4 4 11 6 6 8 7 7
1 2 3 4 4 4 4 4 4 4 5 6 7 7 8 7 1 2 13 13 13 13 13 13 13 13 5 6 6 7 7 7
1 2 3 4 4 4 4 4 4 4 11 6 7 7 7 7 1 2 13 13 13 13 13 13 13 13 11 6 14 10 10 10
1 2 3 4 4 4 4 4 4 4 5 6 7 8 7 7 1 2 13 13 13 13 13 13 13 13 5 6 9 10 10 10
1 2 3 4 4 4 4 4 4 4 11 6 7 7 7 7 1 2 13 13 13 13 13 13 13 13 11 6 6 7 12 7
1 2 3 4 4 4 4 4 4 4 5 6 7 7 12 7 1 2 13 13 13 13 13 13 13 13 5 6 6 7 7 7
1 2 3 4 4 4 4 4 4 4 11 6 10 10 10 10 1 2 13 13 13 13 13 13 13 13 11 6 6 7 7 7
1 2 3 4 4 4 4 4 4 4 5 6 7 12 7 7 1 2 13 13 13 13 13 13 13 13 5 6 6 7 7 7
1 2 3 4 4 4 4 4 4 4 11 6 7 7 7 7 1 2 13 13 13 13 13 13 13 13 11 6 6 8 7 7
15 10 10 10 16 17 4 4 4 4 5 6 7 7 8 7 15 10 10 10 16 17 4 4 4 4 5 6 6 7 7 7
7 7 7 7 1 18 4 4 4 4 11 6 7 7 7 7 7 7 7 7 1 18 4 4 4 4 11 6 14 10 10 10
7 8 7 7 1 19 4 4 4 4 5 6 7 8 7 7 7 8 7 7 1 19 4 4 4 4 5 6 9 10 10 10
7 7 7 7 1 20 4 4 4 4 11 6 7 7 7 7 7 7 7 7 1 20 4 4 4 4 11 6 6 7 12 7
7 7 12 7 1 2 21 4 4 4 5 6 7 7 12 7 7 7 12 7 1 2 21 4 4 4 5 6 6 7 7 7
10 10 10 10 1 2 3 4 4 4 11 6 10 10 10 10 10 10 10 10 1 2 3 4 4 4 11 6 6 7 7 7
7 8 7 7 1 2 3 4 4 4 5 6 7 12 7 7 7 12 7 7 1 2 3 4 4 4 5 6 6 7 7 7
7 7 7 7 1 2 3 4 4 4 11 6 7 7 7 7 7 7 7 7 1 2 3 4 4 4 11 6 6 8 7 7
7 7 12 7 1 2 3 4 4 4 5 6 7 7 8 7 7 7 8 7 1 2 3 4 4 4 5 6 6 7 7 7
10 10 10 10 1 2 3 4 4 4 11 6 7 7 7 7 7 7 7 7 1 2 3 4 4 4 11 6 14 10 10 10