TILEMAP
32 24 							-- Size of tile map in tiles
32 32 							-- Tile size & block size
images/tileset5.png 	-- Tilesheet
1 41 								-- Number of tiles in tilesheet
1 1 1 1 2 3 3 4 2 3 3 4 2 3 3 4 2 3 3 4 2 3 3 4 2 3 3 4 1 1 1 1
1 1 1 1 5 6 7 8 5 6 7 8 5 6 7 8 5 6 7 8 5 6 7 8 5 6 9 10 1 1 1 1
1 1 1 1 11 1 12 13 14 12 12 13 14 12 12 13 14 12 12 13 14 12 12 13 14 12 1 15 1 1 1 1
1 1 1 1 11 1 16 17 16 17 16 17 16 17 16 17 16 17 16 17 16 17 16 17 16 17 1 15 1 1 1 1
1 1 1 1 11 1 18 19 18 19 18 19 18 19 18 19 18 19 18 19 18 19 18 19 18 19 1 15 1 1 1 1 
1 1 1 1 11 1 18 19 18 19 18 19 18 19 18 19 18 19 18 19 18 19 18 19 18 19 1 15 1 1 1 1 
1 1 1 1 11 1 1 1 1 1 1 1 1 1 1 1 1 1 1 1 1 1 1 1 1 1 1 15 1 1 1 1 
1 1 1 1 11 1 20 20 20 20 21 20 20 20 21 20 20 20 21 20 20 20 21 20 20 20 1 15 1 1 1 1
1 1 1 1 11 22 20 20 20 20 21 20 20 20 21 20 20 20 21 20 20 20 21 20 20 20 23 15 1 1 1 1 
1 1 1 1 11 24 20 20 20 20 21 20 20 20 21 20 20 20 21 20 20 20 21 20 20 20 25 15 1 1 1 1 
1 1 1 1 11 24 20 20 20 20 21 20 20 20 21 20 20 20 21 20 20 20 21 20 20 20 26 15 1 1 1 1 
1 1 1 1 11 27 20 20 20 20 21 20 20 20 21 20 20 20 21 20 20 20 21 28 28 28 29 15 1 1 1 1 
1 1 1 1 11 1 20 20 28 28 21 20 20 20 21 20 20 20 21 20 20 20 21 28 28 28 30 15 1 1 1 1 
1 1 1 1 11 1 20 20 28 28 21 20 20 20 21 20 20 20 21 20 20 20 21 28 28 28 31 15 1 1 1 1
1 1 1 1 11 1 20 20 28 28 21 20 20 20 21 20 20 20 21 20 20 20 21 28 28 28 32 15 1 1 1 1 
1 1 1 1 11 1 20 20 20 20 21 20 20 20 21 20 20 20 21 20 20 20 21 28 28 28 33 15 1 1 1 1 
1 1 1 1 11 1 18 19 18 19 18 19 18 19 18 19 18 19 18 19 18 19 18 19 18 19 1 15 1 1 1 1 
1 1 1 1 11 1 18 19 18 19 18 19 18 19 18 19 18 19 18 19 18 19 18 19 18 19 1 15 1 1 1 1 
1 1 1 1 34 35 36 35 34 35 36 35 34 35 36 35 34 35 36 35 34 35 36 35 34 35 36 37 1 1 1 1 
1 1 1 1 38 39 40 41 38 39 40 41 38 39 40 41 38 39 40 41 38 39 40 41 38 39 40 41 1 1 1 1 
1 1 1 1 1 1 1 1 1 1 1 1 1 1 1 1 1 1 1 1 1 1 1 1 1 1 1 1 1 1 1 1
1 1 1 1 1 1 1 1 1 1 1 1 1 1 1 1 1 1 1 1 1 1 1 1 1 1 1 1 1 1 1 1
1 1 1 1 1 1 1 1 1 1 1 1 1 1 1 1 1 1 1 1 1 1 1 1 1 1 1 1 1 1 1 1
1 1 1 1 1 1 1 1 1 1 1 1 1 1 1 1 1 1 1 1 1 1 1 1 1 1 1 1 1 1 1 1