TILEMAP
32 24 							-- Size of tile map in tiles
32 32 							-- Tile size & block size
images/tileset6.png 	-- Tilesheet
1 63 								-- Number of tiles in tilesheet
1 1 1 1 1 1 1 2 1 1 1 1 1 1 1 2 1 1 1 1 1 1 3 4 5 6 6 6 6 6 6 7
8 9 8 9 8 9 8 9 8 9 8 9 8 9 8 9 8 9 8 9 8 9 10 4 4 1 1 11 1 1 1 12
11 1 2 1 1 2 1 1 11 1 2 1 1 2 1 1 11 1 2 1 1 1 13 4 4 1 1 1 1 1 1 12
9 8 9 8 8 9 9 8 9 8 9 8 8 9 9 8 9 8 9 8 9 8 14 4 15 6 6 6 6 6 6 16
17 17 17 17 17 17 17 17 17 17 17 17 17 17 17 17 17 17 17 17 17 17 18 1 19 19 19 19 1 1 3 4
20 20 20 20 20 20 20 20 20 20 20 20 20 20 20 20 20 20 20 20 20 20 21 8 19 19 19 19 8 9 10 4
20 20 20 20 20 20 20 20 20 20 20 20 20 20 20 20 20 20 20 20 20 20 22 1 19 19 19 19 1 1 13 4
20 20 20 20 20 20 20 20 20 20 20 20 20 20 20 20 20 20 20 20 20 20 23 9 19 19 19 19 9 8 14 4
20 20 20 20 20 20 20 20 20 20 20 20 20 20 20 20 20 20 20 20 20 20 24 17 17 17 17 17 17 17 25 4
20 20 20 20 20 20 20 20 20 20 20 20 20 20 20 20 20 20 20 20 20 20 20 20 20 20 20 20 20 20 26 4
27 28 29 20 30 31 32 33 27 28 29 20 20 20 20 20 20 20 20 20 20 20 20 20 20 20 20 20 20 20 25 4
34 35 17 20 36 37 38 39 34 35 17 20 20 20 20 20 20 20 20 20 20 20 20 20 20 20 20 20 20 20 26 4
40 41 17 20 42 43 44 45 40 41 17 20 20 20 20 20 20 20 20 20 20 20 20 20 20 20 20 20 20 20 25 4
46 47 17 20 48 49 50 51 46 47 17 20 20 20 20 20 20 20 20 20 20 20 20 20 20 20 20 20 20 20 26 4
52 53 17 20 54 55 56 57 52 53 17 20 30 31 32 33 27 28 29 20 30 31 32 33 27 28 29 20 20 20 25 4 
58 59 17 20 60 61 62 63 58 59 17 20 36 37 38 39 34 35 17 20 36 37 38 39 34 35 17 20 20 20 26 4
17 17 17 20 24 17 17 17 17 17 17 20 42 43 44 45 40 41 17 20 42 43 44 45 40 41 17 20 20 20 25 4
20 20 20 20 20 20 20 20 20 20 20 20 48 49 50 51 46 47 17 20 48 49 50 51 46 47 17 20 20 20 26 4
20 20 20 20 20 20 20 20 20 20 20 20 54 55 56 57 52 53 17 20 54 55 56 57 52 53 17 20 20 20 25 4 
20 20 20 20 20 20 20 20 20 20 20 20 60 61 62 63 58 59 17 20 60 61 62 63 58 59 17 20 20 20 26 4 
20 20 20 20 20 20 20 20 20 20 20 20 24 17 17 17 17 17 17 20 24 17 17 17 17 17 17 20 20 20 25 4
20 20 20 20 20 20 20 20 20 20 20 20 20 20 20 20 20 20 20 20 20 20 20 20 20 20 20 20 20 20 26 4
20 20 20 20 20 20 20 20 20 20 20 20 20 20 20 20 20 20 20 20 20 20 20 20 20 20 20 20 20 20 25 4
20 20 20 20 20 20 20 20 20 20 20 20 20 20 20 20 20 20 20 20 20 20 20 20 20 20 20 20 20 20 26 4
