TILEMAP
32 24 							-- Size of tile map in tiles
32 32 							-- Tile size & block size
images/tileset2.png 	-- Tilesheet
1 65 								-- Number of tiles in tilesheet
 1 1 1 1 2 1 1 1 1 1 1 1 1 1 1 1 1 1 1 1 2 1 1 1 3 1 1 2 1 1 1 1
 1 1 1 1 1 1 2 1 1 1 1 1 1 1 1 1 1 1 1 1 1 1 2 1 1 4 1 1 1 1 1 1
 1 1 1 1 4 1 1 1 1 1 1 1 1 1 1 1 4 1 1 1 1 1 1 1 1 1 1 1 4 1 1 1
 1 1 1 1 1 1 1 1 1 1 1 1 1 1 1 1 1 1 1 1 1 1 1 1 3 1 2 1 1 1 1 1
 1 1 1 1 1 1 1 1 4 1 1 1 2 1 1 1 1 1 1 1 1 1 1 3 1 1 1 3 1 1 1 1
 1 1 1 1 1 1 4 1 1 1 2 1 1 1 1 1 1 2 1 1 1 2 1 1 1 5 6 1 1 1 1 1
 1 1 1 1 1 1 1 1 4 1 1 1 1 1 1 1 1 6 7 6 1 6 7 6 7 8 9 6 1 1 1 1
 1 1 1 1 1 1 7 5 7 10 1 1 1 1 1 1 1 1 11 12 13 14 11 12 13 14 13 15 16 13 1 3
 1 1 2 1 10 10 16 13 7 7 16 5 1 1 2 1 10 10 17 8 17 8 17 8 17 8 12 7 13 8 1 1
 1 1 1 1 1 1 16 14 9 9 13 18 19 16 1 1 1 1 16 14 7 20 21 21 7 20 21 21 19 13 8 13
 7 5 8 9 1 22 10 16 16 9 14 6 23 16 18 8 1 22 10 16 24 19 25 26 24 19 25 26 23 13 13 8
 8 16 13 16 10 6 16 7 13 9 7 16 14 16 16 13 10 6 16 7 27 23 28 29 27 23 28 29 14 8 8 15
 29 30 14 7 9 16 17 14 9 16 17 14 14 9 14 12 9 16 17 14 31 15 14 8 13 9 15 7 14 9 14 12
 32 30 7 30 16 14 8 9 16 14 8 9 7 14 14 17 16 14 8 9 14 9 8 9 14 15 7 9 7 14 14 17
 33 34 17 13 14 17 35 17 14 17 35 17 7 13 12 7 14 17 35 17 33 36 17 17 33 33 32 7 7 13 12 7
 37 37 35 38 33 33 37 33 33 33 37 33 14 12 8 14 33 33 37 33 37 37 33 33 39 33 32 14 14 12 8 14
 33 37 33 37 37 37 37 37 37 37 37 37 33 37 33 37 40 41 42 43 44 45 46 47 37 37 37 48 14 9 14 12
 37 39 39 37 33 37 33 37 33 37 33 37 37 39 39 37 49 50 51 52 53 54 55 56 33 37 36 14 7 14 14 17
 39 37 33 39 37 33 37 37 37 33 37 37 39 37 33 39 57 58 59 59 59 58 60 61 37 37 35 7 7 13 12 7
 39 39 37 39 39 37 33 33 39 37 33 33 39 39 37 39 37 37 37 39 37 39 37 39 37 37 32 14 14 12 8 14
 37 39 39 37 37 37 37 39 37 39 37 37 37 33 37 39 37 39 39 37 37 37 33 33 33 37 33 37 32 14 14 15
 39 37 39 37 37 36 36 37 39 37 33 33 33 37 37 33 39 37 39 37 33 33 37 33 37 39 39 37 37 35 7 13
 62 63 62 63 48 14 14 64 63 48 16 17 7 13 63 64 62 63 62 63 63 64 37 37 39 37 33 39 37 37 32 14
 65 17 7 12 14 15 15 12 14 7 9 16 13 7 13 14 65 17 7 12 15 38 37 33 39 39 37 39 37 37 35 15
